0  1106
1  1083
2  1127
3  1075
4  1106
5  1159
6  1194
7  1180
8  1136
9  1157
10  1143
11  1161
12  1136
13  1105
14  1141
15  1199
16  1209
17  1206
18  1207
19  1152
20  1136
21  1194
22  1233
23  1273
24  1213
25  1261
26  1326
27  1299
28  1245
29  1193
30  1248
31  1209
32  1261
33  1321
34  1274
35  1243
36  1216
37  1242
38  1189
39  1174
40  1162
41  1125
42  1183
43  1221
44  1207
45  1262
46  1238
47  1302
48  1325
49  1349
50  1321
51  1351
52  1404
53  1386
54  1321
55  1306
56  1263
57  1300
58  1310
59  1307
60  1289
61  1255
62  1285
63  1229
64  1227
65  1289
66  1280
67  1227
68  1249
69  1221
70  1190
71  1206
72  1217
73  1256
74  1274
75  1291
76  1350
77  1309
78  1280
79  1306
80  1351
81  1344
82  1312
83  1345
84  1389
85  1462
86  1448
87  1394
88  1437
89  1370
90  1399
91  1376
92  1339
93  1354
94  1343
95  1346
96  1289
97  1229
98  1294
99  1261
100  1224
101  1215
102  1207
103  1232
104  1262
105  1215
106  1245
107  1205
108  1200
109  1168
110  1171
111  1166
112  1135
113  1129
114  1174
115  1185
116  1141
117  1155
118  1174
119  1131
120  1149
121  1098
122  1128
123  1153
124  1154
125  1113
126  1166
127  1146
128  1191
129  1154
130  1144
131  1096
132  1069
133  1077
134  1037
135  1032
136  990
137  943
138  991
139  972
140  1000
141  959
142  977
143  983
144  1020
145  981
146  952
147  974
148  935
149  929
150  900
151  912
152  959
153  917
154  935
155  963
156  919
157  901
158  886
159  910
160  910
161  901
162  869
163  862
164  876
165  837
166  855
167  876
168  859
169  829
170  860
171  891
172  870
173  859
174  876
175  870
176  836
177  846
178  822
179  825
180  807
181  817
182  859
183  829
184  811
185  806
186  835
187  834
188  809
189  801
190  794
191  773
192  780
193  755
194  779
195  771
196  789
197  809
198  848
199  843
200  839
201  871
202  883
203  914
204  931
205  934
206  949
207  959
208  951
209  933
210  960
211  977
212  1009
213  1058
214  1051
215  1057
216  1082
217  1087
218  1106
219  1150
220  1103
221  1069
222  1057
223  1099
224  1132
225  1140
226  1182
227  1186
228  1233
229  1274
230  1214
231  1173
232  1197
233  1147
234  1189
235  1188
236  1137
237  1092
238  1107
239  1066
240  1078
241  1060
242  1058
243  1083
244  1079
245  1123
246  1173
247  1133
248  1085
249  1051
250  1072
251  1128
252  1076
253  1056
254  1089
255  1091
256  1098
257  1140
258  1116
259  1127
260  1081
261  1133
262  1099
263  1156
264  1148
265  1117
266  1138
267  1083
268  1118
269  1163
270  1112
271  1076
272  1101
273  1127
274  1144
275  1122
276  1126
277  1075
278  1030
279  1044
280  1013
281  990
282  990
283  1028
284  1027
285  989
286  965
287  984
288  953
289  946
290  969
291  966
292  962
293  929
294  919
295  952
296  960
297  956
298  985
299  957
300  1000
301  957
302  912
303  951
304  924
305  887
306  940
307  916
308  923
309  893
310  940
311  957
312  985
313  972
314  998
315  1001
316  966
317  960
318  993
319  959
320  1001
321  967
322  981
323  1015
324  1009
325  959
326  991
327  997
328  948
329  1006
330  1035
331  1067
332  1011
333  1044
334  1031
335  982
336  1029
337  1067
338  1012
339  1032
340  1050
341  1015
342  994
343  978
344  975
345  979
346  996
347  1027
348  1020
349  972
350  969
351  934
352  913
353  935
354  951
355  902
356  869
357  888
358  884
359  881
360  844
361  854
362  872
363  881
364  912
365  907
366  859
367  900
368  862
369  849
370  829
371  877
372  822
373  815
374  849
375  812
376  810
377  804
378  827
379  828
380  827
381  862
382  856
383  895
384  924
385  947
386  934
387  977
388  1012
389  947
390  992
391  1013
392  1033
393  990
394  1022
395  1064
396  1020
397  1025
398  1073
399  1090
400  1028
401  1047
402  1035
403  1079
404  1107
405  1109
406  1085
407  1089
408  1063
409  1079
410  1066
411  1056
412  1104
413  1041
414  1007
415  1028
416  993
417  964
418  1020
419  1037
420  1038
421  1028
422  1010
423  1052
424  1048
425  1034
426  1033
427  1012
428  1045
429  1080
430  1072
431  1120
432  1052
433  1015
434  1080
435  1098
436  1098
437  1067
438  1082
439  1029
440  1090
441  1111
442  1080
443  1050
444  1103
445  1089
446  1044
447  1094
448  1048
449  1004
450  1028
451  1010
452  1052
453  1041
454  1080
455  1074
456  1055
457  1043
458  1058
459  1034
460  995
461  1042
462  1035
463  1021
464  1055
465  1008
466  970
467  1010
468  1007
469  976
470  1004
471  965
472  972
473  981
474  966
475  984
476  985
477  1028
478  1055
479  1078
480  1056
481  1048
482  1031
483  1042
484  1073
485  1081
486  1062
487  1093
488  1084
489  1079
490  1130
491  1067
492  1069
493  1063
494  1102
495  1080
496  1122
497  1062
498  1107
499  1089
500  1096
501  1068
502  1096
503  1132
504  1064
505  1103
506  1139
507  1095
508  1154
509  1186
510  1169
511  1140
512  1103
513  1164
514  1136
515  1155
516  1129
517  1110
518  1128
519  1105
520  1065
521  1028
522  997
523  1025
524  1049
525  1025
526  1069
527  1079
528  1030
529  995
530  1002
531  1032
532  1037
533  1016
534  1062
535  1065
536  1063
537  1098
538  1090
539  1056
540  1101
541  1049
542  1085
543  1055
544  1102
545  1112
546  1104
547  1106
548  1111
549  1163
550  1164
551  1209
552  1199
553  1231
554  1161
555  1153
556  1208
557  1206
558  1142
559  1216
560  1148
561  1170
562  1192
563  1130
564  1160
565  1177
566  1221
567  1185
568  1158
569  1210
570  1183
571  1241
572  1203
573  1240
574  1232
575  1219
576  1276
577  1320
578  1258
579  1235
580  1235
581  1237
582  1197
583  1202
584  1223
585  1186
586  1253
587  1255
588  1300
589  1279
590  1226
591  1272
592  1226
593  1272
594  1210
595  1254
596  1225
597  1170
598  1147
599  1135
600  1197
601  1203
602  1235
603  1260
604  1210
605  1225
606  1169
607  1143
608  1196
609  1141
610  1138
611  1198
612  1150
613  1170
614  1200
615  1195
616  1176
617  1193
618  1153
619  1109
620  1185
621  1128
622  1166
623  1204
624  1148
625  1151
626  1170
627  1201
628  1189
629  1201
630  1253
631  1226
632  1172
633  1202
634  1249
635  1185
636  1211
637  1154
638  1189
639  1186
640  1222
641  1179
642  1190
643  1212
644  1204
645  1216
646  1250
647  1245
648  1241
649  1279
650  1328
651  1319
652  1338
653  1338
654  1382
655  1345
656  1306
657  1367
658  1345
659  1284
660  1261
661  1308
662  1315
663  1265
664  1252
665  1236
666  1252
667  1266
668  1273
669  1289
670  1257
671  1223
672  1215
673  1224
674  1273
675  1233
676  1192
677  1197
678  1233
679  1192
680  1219
681  1224
682  1250
683  1228
684  1206
685  1166
686  1180
687  1207
688  1165
689  1149
690  1117
691  1140
692  1085
693  1134
694  1150
695  1135
696  1133
697  1141
698  1160
699  1163
700  1169
701  1167
702  1108
703  1121
704  1079
705  1118
706  1116
707  1125
708  1129
709  1153
710  1188
711  1137
712  1156
713  1150
714  1203
715  1135
716  1149
717  1205
718  1217
719  1251
720  1248
721  1247
722  1238
723  1179
724  1218
725  1232
726  1168
727  1178
728  1147
729  1206
730  1178
731  1145
732  1155
733  1192
734  1231
735  1275
736  1201
737  1201
738  1177
739  1165
740  1143
741  1195
742  1218
743  1249
744  1245
745  1183
746  1245
747  1292
748  1213
749  1188
750  1169
751  1126
752  1095
753  1076
754  1038
755  1042
756  996
757  991
758  1001
759  1016
760  981
761  941
762  939
763  922
764  952
765  926
766  922
767  891
768  880
769  863
770  866
771  836
772  861
773  838
774  826
775  867
776  881
777  890
778  872
779  873
780  878
781  849
782  853
783  823
784  793
785  841
786  870
787  887
788  889
789  886
790  874
791  840
792  819
793  817
794  853
795  844
796  818
797  835
798  794
799  773
800  768
801  750
802  725
803  759
804  752
805  731
806  736
807  760
808  775
809  777
810  812
811  773
812  782
813  821
814  815
815  832
816  836
817  855
818  815
819  813
820  845
821  801
822  850
823  804
824  772
825  782
826  805
827  803
828  831
829  819
830  853
831  826
832  858
833  854
834  847
835  872
836  836
837  847
838  881
839  884
840  858
841  838
842  819
843  837
844  815
845  789
846  768
847  779
848  776
849  778
850  789
851  752
852  756
853  753
854  719
855  759
856  745
857  727
858  769
859  752
860  738
861  759
862  753
863  716
864  748
865  721
866  697
867  681
868  662
869  672
870  657
871  649
872  665
873  685
874  657
875  656
876  674
877  664
878  691
879  714
880  690
881  682
882  717
883  717
884  695
885  671
886  698
887  726
888  749
889  736
890  745
891  759
892  762
893  790
894  811
895  760
896  778
897  810
898  784
899  798
900  830
901  813
902  789
903  827
904  795
905  780
906  788
907  760
908  805
909  801
910  802
911  815
912  771
913  754
914  774
915  773
916  733
917  777
918  775
919  768
920  756
921  732
922  764
923  760
924  731
925  708
926  713
927  745
928  755
929  710
930  723
931  736
932  703
933  677
934  704
935  686
936  681
937  693
938  681
939  654
940  649
941  687
942  683
943  650
944  662
945  652
946  663
947  654
948  646
949  628
950  612
951  624
952  643
953  634
954  659
955  650
956  655
957  629
958  633
959  640
960  620
961  634
962  623
963  610
964  595
965  617
966  629
967  600
968  588
969  573
970  567
971  574
972  546
973  546
974  531
975  545
976  534
977  517
978  522
979  531
980  535
981  516
982  532
983  520
984  541
985  563
986  574
987  549
988  541
989  530
990  515
991  517
992  501
993  521
994  532
995  504
996  511
997  512
998  521
999  524
1000  510
1001  504
1002  522
1003  520
1004  539
1005  517
1006  540
1007  513
1008  528
1009  520
1010  546
1011  557
1012  573
1013  547
1014  526
1015  528
1016  553
1017  527
1018  508
1019  528
1020  524
1021  503
1022  525
1023  508
1024  524
1025  507
1026  530
1027  542
1028  548
1029  535
1030  554
1031  560
1032  543
1033  554
1034  580
1035  564
1036  536
1037  541
1038  568
1039  543
1040  527
1041  542
1042  564
1043  529
1044  545
1045  572
1046  562
1047  565
1048  593
1049  613
1050  621
1051  647
1052  647
1053  638
1054  613
1055  629
1056  607
1057  631
1058  650
1059  653
1060  619
1061  646
1062  667
1063  642
1064  639
1065  624
1066  635
1067  648
1068  612
1069  590
1070  619
1071  623
1072  588
1073  574
1074  575
1075  549
1076  578
1077  577
1078  576
1079  578
1080  571
1081  560
1082  550
1083  537
1084  522
1085  543
1086  545
1087  535
1088  551
1089  571
1090  565
1091  563
1092  572
1093  583
1094  571
1095  546
1096  571
1097  583
1098  567
1099  591
1100  569
1101  588
1102  595
1103  596
1104  578
1105  578
1106  571
1107  576
1108  570
1109  587
1110  579
1111  602
1112  624
1113  623
1114  596
1115  595
1116  588
1117  589
1118  565
1119  571
1120  544
1121  541
1122  565
1123  535
1124  540
1125  524
1126  517
1127  508
1128  520
1129  504
1130  500
1131  507
1132  526
1133  505
1134  521
1135  536
1136  547
1137  535
1138  513
1139  501
1140  502
1141  528
1142  507
1143  526
1144  509
1145  532
1146  510
1147  521
1148  529
1149  507
1150  515
1151  515
1152  538
1153  517
1154  531
1155  529
1156  503
1157  505
1158  506
1159  527
1160  504
1161  504
1162  533
1163  547
1164  546
1165  554
1166  575
1167  560
1168  544
1169  575
1170  579
1171  570
1172  559
1173  553
1174  540
1175  552
1176  547
1177  553
1178  546
1179  530
1180  529
1181  536
1182  513
1183  530
1184  548
1185  525
1186  519
1187  532
1188  531
1189  543
1190  539
1191  536
1192  519
1193  536
1194  531
1195  543
1196  533
1197  543
1198  538
1199  513
1200  517
1201  541
1202  535
1203  536
1204  559
1205  533
1206  510
1207  541
1208  521
1209  543
1210  543
1211  524
1212  536
1213  529
1214  548
1215  552
1216  557
1217  570
1218  592
1219  606
1220  592
1221  567
1222  559
1223  553
1224  532
1225  528
1226  511
1227  521
1228  544
1229  560
1230  570
1231  557
1232  548
1233  525
1234  541
1235  536
1236  524
1237  507
1238  536
1239  506
1240  529
1241  536
1242  506
1243  537
1244  523
1245  501
1246  510
1247  506
1248  529
1249  544
1250  521
1251  512
1252  512
1253  537
1254  534
1255  518
1256  512
1257  503
1258  510
1259  534
1260  552
1261  521
1262  524
1263  504
1264  530
1265  533
1266  535
1267  538
1268  544
1269  544
1270  538
1271  542
1272  518
1273  530
1274  529
1275  533
1276  521
1277  546
1278  516
1279  502
1280  511
1281  533
1282  510
1283  510
1284  527
1285  548
1286  522
1287  539
1288  526
1289  508
1290  540
1291  518
1292  542
1293  540
1294  518
1295  510
1296  516
1297  539
1298  537
1299  530
1300  547
1301  560
