0  947
1  952
2  947
3  957
4  964
5  971
6  978
7  971
8  981
9  990
10  988
11  998
12  995
13  1000
14  1010
15  1017
16  1027
17  1021
18  1028
19  1021
20  1011
21  1011
22  1020
23  1025
24  1031
25  1038
26  1044
27  1036
28  1031
29  1024
30  1016
31  1008
32  1017
33  1021
34  1028
35  1026
36  1021
37  1021
38  1030
39  1039
40  1045
41  1034
42  1039
43  1042
44  1042
45  1031
46  1028
47  1026
48  1017
49  1010
50  1014
51  1014
52  1019
53  1013
54  1021
55  1023
56  1031
57  1023
58  1022
59  1024
60  1034
61  1036
62  1035
63  1027
64  1023
65  1015
66  1025
67  1019
68  1025
69  1030
70  1031
71  1023
72  1029
73  1036
74  1034
75  1031
76  1031
77  1040
78  1046
79  1044
80  1034
81  1025
82  1016
83  1016
84  1015
85  1005
86  1015
87  1011
88  1013
89  1021
90  1012
91  1022
92  1026
93  1026
94  1033
95  1027
96  1028
97  1029
98  1036
99  1030
100  1020
101  1014
102  1009
103  1006
104  1014
105  1011
106  1012
107  1021
108  1019
109  1027
110  1037
111  1031
112  1041
113  1036
114  1042
115  1033
116  1022
117  1018
118  1024
119  1034
120  1036
121  1031
122  1036
123  1039
124  1033
125  1030
126  1026
127  1034
128  1044
129  1042
130  1036
131  1042
132  1041
133  1038
134  1029
135  1029
136  1033
137  1038
138  1036
139  1031
140  1022
141  1020
142  1012
143  1006
144  1002
145  1007
146  1014
147  1018
148  1012
149  1014
150  1011
151  1021
152  1014
153  1022
154  1028
155  1027
156  1038
157  1031
158  1039
159  1034
160  1025
161  1021
162  1015
163  1013
164  1007
165  1001
166  1009
167  1015
168  1007
169  1015
170  1022
171  1017
172  1014
173  1014
174  1024
175  1016
176  1006
177  998
178  1008
179  1015
180  1011
181  1014
182  1015
183  1012
184  1008
185  999
186  1008
187  1015
188  1015
189  1017
190  1012
191  1007
192  1003
193  1002
194  1006
195  1001
196  1010
197  1016
198  1006
199  1005
200  1004
201  1007
202  1017
203  1023
204  1032
205  1022
206  1022
207  1015
208  1005
209  1006
210  1010
211  1018
212  1016
213  1006
214  1011
215  1002
216  1011
217  1017
218  1008
219  1013
220  1013
221  1018
222  1020
223  1024
224  1027
225  1030
226  1022
227  1030
228  1029
229  1031
230  1035
231  1036
232  1035
233  1027
234  1016
235  1012
236  1003
237  999
238  998
239  992
240  1002
241  1011
242  1013
243  1019
244  1009
245  1004
246  1007
247  1009
248  1003
249  1007
250  1008
251  1001
252  993
253  995
254  997
255  992
256  987
257  982
258  992
259  994
260  998
261  989
262  998
263  996
264  995
265  1002
266  1001
267  1001
268  1009
269  1001
270  996
271  996
272  996
273  989
274  984
275  993
276  987
277  994
278  1003
279  1011
280  1004
281  1004
282  1000
283  997
284  1007
285  1002
286  993
287  999
288  992
289  998
290  1004
291  1002
292  992
293  998
294  994
295  994
296  998
297  989
298  997
299  997
300  1000
301  1010
302  1007
303  1016
304  1023
305  1009
306  1003
307  1000
308  998
309  996
310  1000
311  1001
312  1008
313  1006
314  1012
315  1019
316  1021
317  1017
318  1011
319  1003
320  1004
321  1003
322  995
323  996
324  1002
325  999
326  1004
327  993
328  1001
329  996
330  994
331  998
332  1001
333  996
334  987
335  996
336  999
337  1006
338  994
339  994
340  992
341  994
342  987
343  998
344  995
345  985
346  997
347  1001
348  995
349  989
350  998
351  1002
352  994
353  994
354  998
355  999
356  997
357  1003
358  1005
359  1007
360  998
361  995
362  995
363  1005
364  994
365  991
366  992
367  996
368  997
369  990
370  993
371  983
372  978
373  980
374  983
375  972
376  965
377  961
378  958
379  959
380  957
381  964
382  971
383  978
384  978
385  972
386  965
387  964
388  975
389  970
390  965
391  977
392  972
393  965
394  972
395  979
396  973
397  970
398  979
399  986
400  974
401  982
402  973
403  975
404  969
405  978
406  970
407  971
408  976
409  966
410  960
411  971
412  971
413  975
414  974
415  978
416  975
417  982
418  974
419  984
420  988
421  996
422  1003
423  994
424  987
425  981
426  980
427  985
428  984
429  987
430  994
431  997
432  989
433  992
434  999
435  1004
436  1001
437  1000
438  991
439  996
440  1003
441  991
442  991
443  989
444  982
445  977
446  974
447  982
448  975
449  984
450  985
451  978
452  985
453  975
454  981
455  988
456  993
457  988
458  984
459  979
460  980
461  985
462  990
463  992
464  981
465  983
466  994
467  985
468  986
469  986
470  990
471  993
472  991
473  991
474  989
475  997
476  1001
477  1002
478  1005
479  1006
480  997
481  995
482  1004
483  998
484  988
485  982
486  979
487  983
488  984
489  974
490  986
491  977
492  988
493  992
494  981
495  991
496  982
497  983
498  990
499  979
500  981
501  985
502  990
503  978
504  979
505  977
506  974
507  973
508  967
509  973
510  982
511  979
512  987
513  980
514  991
515  986
516  995
517  1002
518  995
519  996
520  990
521  987
522  984
523  984
524  980
525  989
526  993
527  998
528  994
529  987
530  987
531  985
532  986
533  982
534  980
535  977
536  979
537  988
538  988
539  988
540  988
541  979
542  978
543  972
544  974
545  972
546  967
547  972
548  972
549  977
550  979
551  983
552  989
553  984
554  993
555  995
556  993
557  992
558  998
559  996
560  994
561  987
562  991
563  983
564  993
565  986
566  991
567  996
568  984
569  980
570  985
571  988
572  992
573  999
574  1003
575  1009
576  1004
577  998
578  1009
579  1004
580  1006
581  1009
582  1015
583  1013
584  1005
585  999
586  1003
587  997
588  998
589  998
590  1002
591  995
592  1000
593  1002
594  991
595  985
596  995
597  987
598  994
599  993
600  986
601  994
602  999
603  992
604  986
605  984
606  985
607  991
608  991
609  989
610  982
611  986
612  991
613  992
614  982
615  993
616  997
617  1001
618  993
619  987
620  996
621  992
622  996
623  993
624  989
625  994
626  992
627  987
628  986
629  997
630  1001
631  989
632  997
633  1003
634  993
635  998
636  991
637  1000
638  1000
639  1006
640  1004
641  1008
642  997
643  995
644  989
645  997
646  1002
647  994
648  993
649  994
650  986
651  996
652  994
653  998
654  993
655  993
656  1000
657  1003
658  995
659  995
660  988
661  991
662  988
663  979
664  991
665  999
666  995
667  1001
668  998
669  991
670  987
671  994
672  1002
673  1008
674  999
675  1006
676  1015
677  1009
678  1002
679  1014
680  1006
681  1001
682  997
683  1004
684  1012
685  999
686  997
687  989
688  986
689  998
690  992
691  995
692  991
693  984
694  980
695  991
696  985
697  983
698  985
699  986
700  993
701  999
702  992
703  983
704  979
705  975
706  982
707  988
708  989
709  981
710  978
711  987
712  989
713  984
714  975
715  987
716  988
717  987
718  987
719  993
720  998
721  1001
722  1002
723  1009
724  1015
725  1006
726  1017
727  1018
728  1026
729  1016
730  1010
731  1010
732  1006
733  998
734  991
735  989
736  996
737  985
738  977
739  978
740  970
741  966
742  960
743  964
744  970
745  961
746  960
747  960
748  958
749  958
750  950
751  953
752  949
753  957
754  957
755  948
756  942
757  947
758  954
759  942
760  953
761  957
762  956
763  955
764  951
765  946
766  951
767  948
768  954
769  958
770  954
771  947
772  952
773  950
774  948
775  939
776  948
777  939
778  949
779  955
780  952
781  946
782  943
783  944
784  937
785  935
786  943
787  932
788  932
789  934
790  936
791  941
792  945
793  937
794  948
795  939
796  931
797  935
798  938
799  931
800  924
801  926
802  931
803  934
804  939
805  944
806  944
807  935
808  946
809  953
810  944
811  945
812  939
813  944
814  950
815  957
816  946
817  957
818  959
819  951
820  955
821  947
822  941
823  954
824  959
825  960
826  964
827  955
828  966
829  956
830  963
831  956
832  954
833  965
834  970
835  965
836  962
837  963
838  973
839  970
840  979
841  979
842  969
843  964
844  968
845  964
846  966
847  967
848  970
849  973
850  973
851  965
852  974
853  971
854  975
855  981
856  981
857  984
858  989
859  989
860  985
861  986
862  980
863  989
864  977
865  985
866  989
867  996
868  997
869  986
870  983
871  986
872  977
873  984
874  974
875  974
876  980
877  976
878  971
879  971
880  974
881  972
882  978
883  987
884  987
885  989
886  984
887  992
888  991
889  988
890  988
891  989
892  988
893  987
894  996
895  985
896  997
897  990
898  997
899  992
900  983
901  987
902  997
903  1001
904  1003
905  995
906  1000
907  1010
908  1006
909  998
910  1008
911  1001
912  1005
913  1001
914  1007
915  1010
916  1014
917  1020
918  1017
919  1011
920  1023
921  1026
922  1014
923  1016
924  1023
925  1029
926  1032
927  1038
928  1043
929  1035
930  1042
931  1051
932  1052
933  1052
934  1060
935  1047
936  1057
937  1061
938  1049
939  1046
940  1054
941  1050
942  1049
943  1059
944  1059
945  1050
946  1053
947  1051
948  1049
949  1041
950  1035
951  1038
952  1044
953  1044
954  1033
955  1029
956  1041
957  1035
958  1035
959  1044
960  1050
961  1047
962  1040
963  1043
964  1045
965  1051
966  1041
967  1040
968  1051
969  1041
970  1053
971  1043
972  1043
973  1034
974  1043
975  1044
976  1033
977  1031
978  1025
979  1029
980  1033
981  1028
982  1031
983  1034
984  1039
985  1037
986  1043
987  1044
988  1051
989  1045
990  1056
991  1047
992  1038
993  1033
994  1034
995  1033
996  1032
997  1036
998  1028
999  1031
1000  1029
1001  1036
1002  1036
1003  1027
1004  1027
1005  1031
1006  1030
1007  1027
1008  1037
1009  1044
1010  1043
1011  1036
1012  1042
1013  1052
1014  1043
1015  1034
1016  1048
1017  1038
1018  1032
1019  1033
1020  1039
1021  1041
1022  1031
1023  1032
1024  1043
1025  1050
1026  1039
1027  1041
1028  1044
1029  1035
1030  1042
1031  1039
1032  1038
1033  1043
1034  1049
1035  1037
1036  1040
1037  1035
1038  1035
1039  1037
1040  1046
1041  1038
1042  1037
1043  1042
1044  1033
1045  1028
1046  1041
1047  1044
1048  1049
1049  1057
1050  1057
1051  1054
1052  1061
1053  1058
1054  1049
1055  1057
1056  1050
1057  1046
1058  1045
1059  1039
1060  1035
1061  1030
1062  1028
1063  1028
1064  1034
1065  1036
1066  1035
1067  1032
1068  1043
1069  1045
1070  1046
1071  1042
1072  1036
1073  1039
1074  1041
1075  1045
1076  1035
1077  1028
1078  1033
1079  1037
1080  1038
1081  1037
1082  1045
1083  1037
1084  1045
1085  1043
1086  1050
1087  1038
1088  1042
1089  1052
1090  1044
1091  1037
1092  1030
1093  1030
1094  1028
1095  1033
1096  1041
1097  1035
1098  1040
1099  1030
1100  1025
1101  1017
1102  1022
1103  1029
1104  1016
1105  1017
1106  1011
1107  1010
1108  1013
1109  1002
1110  997
1111  1006
1112  994
1113  995
1114  993
1115  1001
1116  1005
1117  1002
1118  1011
1119  1009
1120  1001
1121  994
1122  995
1123  996
1124  998
1125  992
1126  984
1127  978
1128  979
1129  972
1130  975
1131  967
1132  969
1133  978
1134  973
1135  970
1136  981
1137  984
1138  983
1139  988
1140  991
1141  986
1142  988
1143  978
1144  976
1145  987
1146  991
1147  992
1148  994
1149  983
1150  990
1151  999
1152  1001
1153  1009
1154  1001
1155  1009
1156  999
1157  1004
1158  1013
1159  1008
1160  1011
1161  1007
1162  1017
1163  1009
1164  1012
1165  1003
1166  1004
1167  1000
1168  997
1169  992
1170  990
1171  1001
1172  994
1173  992
1174  989
1175  984
1176  996
1177  984
1178  989
1179  997
1180  997
1181  1005
1182  1012
1183  1004
1184  999
1185  999
1186  995
1187  1003
1188  1007
1189  996
1190  993
1191  998
1192  989
1193  998
1194  1007
1195  1001
1196  1006
1197  1002
1198  1001
1199  993
1200  988
1201  994
1202  996
1203  990
1204  982
1205  977
1206  978
1207  971
1208  965
1209  960
1210  963
1211  972
1212  961
1213  954
1214  958
1215  949
1216  949
1217  942
1218  948
1219  951
1220  942
1221  954
1222  952
1223  950
1224  944
1225  947
1226  954
1227  943
1228  942
1229  946
1230  952
1231  943
1232  946
1233  945
1234  939
1235  933
1236  945
1237  946
1238  935
1239  948
1240  952
1241  959
1242  953
1243  957
1244  964
1245  970
1246  976
1247  972
1248  971
1249  977
1250  976
1251  968
1252  967
1253  978
1254  979
1255  980
1256  974
1257  971
1258  982
1259  969
1260  966
1261  973
1262  971
1263  979
1264  977
1265  985
1266  988
1267  988
1268  994
1269  983
1270  978
1271  972
1272  982
1273  972
1274  969
1275  975
1276  984
1277  978
1278  980
1279  987
1280  978
1281  973
1282  985
1283  992
1284  983
1285  985
1286  978
1287  980
1288  974
1289  971
1290  970
1291  972
1292  979
1293  985
1294  983
1295  978
1296  973
1297  983
1298  972
1299  968
1300  969
1301  964
1302  961
1303  968
1304  959
1305  960
1306  958
1307  957
1308  954
1309  956
1310  952
1311  962
1312  961
1313  965
1314  968
1315  971
1316  960
1317  957
1318  960
1319  957
1320  950
1321  943
1322  955
1323  955
1324  948
1325  953
1326  953
1327  955
1328  953
1329  946
1330  946
1331  940
1332  945
1333  936
1334  938
1335  934
1336  932
1337  929
1338  925
1339  927
1340  920
1341  912
1342  906
1343  908
1344  914
1345  914
1346  910
1347  906
1348  904
1349  909
1350  901
1351  902
1352  911
1353  917
1354  921
1355  925
1356  916
1357  924
1358  917
1359  917
1360  921
1361  917
1362  912
1363  905
1364  908
1365  899
1366  895
1367  905
1368  909
1369  909
1370  899
1371  903
1372  910
1373  916
1374  919
1375  916
1376  922
1377  916
1378  915
1379  907
1380  903
1381  904
1382  903
1383  896
1384  894
1385  893
1386  898
1387  894
1388  897
1389  899
1390  901
1391  909
1392  903
1393  908
1394  904
1395  895
1396  892
1397  895
1398  888
1399  896
1400  892
1401  888
1402  886
1403  878
1404  881
1405  872
1406  866
1407  870
1408  877
1409  883
1410  885
1411  878
1412  872
1413  884
1414  878
1415  884
1416  886
1417  890
1418  893
1419  883
1420  877
1421  880
1422  888
1423  877
1424  875
1425  877
1426  886
1427  891
1428  895
1429  898
1430  902
1431  897
1432  890
1433  889
1434  885
1435  888
1436  880
1437  880
1438  882
1439  878
1440  871
1441  879
1442  883
1443  889
1444  881
1445  891
1446  898
1447  904
1448  895
1449  902
1450  895
1451  887
1452  889
1453  888
1454  880
1455  878
1456  886
1457  877
1458  885
1459  886
1460  886
1461  893
1462  891
1463  897
1464  897
1465  901
1466  894
1467  896
1468  904
1469  903
1470  900
1471  893
1472  901
1473  908
1474  908
1475  915
1476  909
1477  904
1478  910
1479  905
1480  907
1481  915
1482  907
1483  907
1484  910
1485  901
1486  905
1487  896
1488  891
1489  892
1490  887
1491  897
1492  894
1493  902
1494  894
1495  903
1496  903
1497  898
1498  899
1499  898
1500  899
1501  902
1502  892
1503  891
1504  890
1505  897
1506  891
1507  899
1508  905
1509  897
1510  889
1511  885
1512  884
1513  887
1514  894
1515  888
1516  888
1517  883
1518  882
1519  884
1520  881
1521  888
1522  883
1523  882
1524  883
1525  877
1526  885
1527  888
1528  894
1529  890
1530  897
1531  898
1532  901
1533  902
1534  906
1535  906
1536  907
1537  904
1538  909
1539  915
1540  917
1541  920
1542  920
1543  918
1544  918
1545  914
1546  909
1547  902
1548  899
1549  896
1550  899
1551  906
1552  901
1553  894
1554  891
1555  902
1556  898
1557  907
1558  908
1559  909
1560  906
1561  911
1562  911
1563  912
1564  920
1565  912
1566  904
1567  908
1568  913
1569  917
1570  917
1571  910
1572  920
1573  924
1574  930
1575  921
1576  920
1577  916
1578  916
1579  921
1580  929
1581  933
1582  939
1583  934
1584  934
1585  928
1586  935
1587  943
1588  932
1589  933
1590  936
1591  938
1592  943
1593  942
1594  945
1595  947
1596  938
1597  933
1598  937
1599  928
1600  924
1601  924
1602  924
1603  922
1604  932
1605  936
1606  941
1607  932
1608  941
1609  947
1610  950
1611  942
1612  942
1613  950
1614  954
1615  945
1616  947
1617  953
1618  949
1619  952
1620  945
1621  943
1622  944
1623  939
1624  943
1625  945
1626  946
1627  944
1628  935
1629  933
1630  935
1631  933
1632  936
1633  942
1634  940
1635  947
1636  946
1637  944
1638  939
1639  935
1640  929
1641  922
1642  928
1643  935
1644  929
1645  927
1646  931
1647  929
1648  930
1649  936
1650  935
1651  925
1652  929
1653  926
1654  928
1655  933
1656  928
1657  930
1658  929
1659  930
1660  926
1661  918
1662  926
1663  926
1664  934
1665  929
1666  935
1667  940
1668  945
1669  942
1670  934
1671  928
1672  929
1673  939
1674  932
1675  927
1676  925
1677  934
1678  926
1679  922
1680  915
1681  924
1682  922
1683  931
1684  921
1685  923
1686  932
1687  920
1688  918
1689  921
1690  916
1691  914
1692  921
1693  925
1694  928
1695  920
1696  914
1697  915
1698  917
1699  911
1700  918
1701  924
1702  915
1703  911
1704  913
1705  910
1706  903
1707  899
1708  909
1709  908
1710  908
1711  914
1712  912
1713  920
1714  913
1715  918
1716  910
1717  916
1718  925
1719  922
1720  925
1721  916
1722  922
1723  926
1724  919
1725  927
1726  931
1727  928
1728  933
1729  933
1730  929
1731  932
1732  926
1733  918
1734  916
1735  918
1736  909
1737  918
1738  920
1739  916
1740  926
1741  930
1742  924
1743  933
1744  929
1745  921
1746  915
1747  926
1748  928
1749  925
1750  924
1751  934
1752  936
1753  935
1754  937
1755  946
1756  950
1757  948
1758  943
1759  936
1760  943
1761  932
1762  944
1763  945
1764  944
1765  947
1766  947
1767  952
1768  944
1769  947
1770  941
1771  947
1772  937
1773  930
1774  935
1775  928
1776  939
1777  938
1778  945
1779  939
1780  945
1781  951
1782  954
1783  945
1784  941
1785  951
1786  939
1787  932
1788  933
1789  937
1790  932
1791  935
1792  930
1793  936
1794  935
1795  942
1796  949
1797  940
1798  935
1799  944
1800  940
1801  932
1802  935
1803  932
1804  940
1805  929
1806  936
1807  928
1808  932
1809  930
1810  937
1811  941
1812  935
1813  927
1814  924
1815  932
1816  939
1817  934
1818  934
1819  936
1820  944
1821  933
1822  933
1823  928
1824  921
1825  933
1826  929
1827  919
1828  916
1829  919
1830  917
1831  919
1832  923
1833  915
1834  917
1835  921
1836  911
1837  916
1838  923
1839  921
1840  918
1841  928
1842  924
1843  917
1844  916
1845  913
1846  921
1847  911
1848  917
1849  913
1850  910
1851  920
1852  920
1853  928
1854  925
1855  926
1856  924
1857  931
1858  926
1859  926
1860  921
1861  919
1862  915
1863  915
1864  906
1865  915
1866  919
1867  922
1868  929
1869  919
1870  914
1871  915
1872  911
1873  906
1874  910
1875  905
1876  900
1877  902
1878  897
1879  902
1880  904
1881  905
1882  897
1883  893
1884  894
1885  898
1886  902
1887  896
1888  906
1889  901
1890  901
1891  903
1892  906
1893  914
1894  910
1895  905
1896  899
1897  907
1898  908
1899  903
1900  907
1901  903
1902  897
1903  901
1904  907
1905  899
1906  899
1907  899
1908  902
1909  905
1910  900
1911  907
1912  897
1913  903
1914  897
1915  897
1916  894
1917  901
1918  898
1919  892
1920  894
1921  892
1922  901
1923  896
1924  890
1925  895
1926  895
1927  894
1928  896
1929  900
1930  892
1931  890
1932  889
1933  882
1934  879
1935  889
1936  883
1937  891
1938  899
1939  903
1940  902
1941  911
1942  904
1943  911
1944  915
1945  917
1946  912
1947  913
1948  913
1949  918
1950  912
1951  911
1952  914
1953  915
1954  912
1955  919
1956  923
1957  915
1958  923
1959  929
1960  932
1961  938
1962  935
1963  944
1964  935
1965  945
1966  934
1967  937
1968  941
1969  949
1970  947
1971  945
1972  947
1973  948
1974  957
1975  962
1976  968
1977  962
1978  964
1979  966
1980  967
1981  968
1982  975
1983  974
1984  972
1985  980
1986  970
1987  969
1988  969
1989  964
1990  964
1991  959
1992  965
1993  968
1994  965
1995  974
1996  977
1997  977
1998  981
1999  986
2000  986
2001  988
2002  979
2003  981
2004  984
2005  987
2006  996
2007  994
2008  984
2009  979
2010  973
2011  984
2012  989
2013  977
2014  977
2015  971
2016  969
2017  979
2018  981
2019  980
2020  983
2021  991
2022  995
2023  990
2024  1001
2025  994
2026  997
2027  993
2028  1000
2029  1005
2030  1011
2031  1014
2032  1020
2033  1012
2034  1017
2035  1021
2036  1020
2037  1017
2038  1024
2039  1028
2040  1018
2041  1019
2042  1027
2043  1019
2044  1013
2045  1026
2046  1034
2047  1028
2048  1019
2049  1022
2050  1024
2051  1020
2052  1026
2053  1023
2054  1028
2055  1025
2056  1028
2057  1036
2058  1042
2059  1048
2060  1046
2061  1038
2062  1032
2063  1037
2064  1029
2065  1036
2066  1031
2067  1040
2068  1046
2069  1042
2070  1042
2071  1045
2072  1054
2073  1048
2074  1040
2075  1048
2076  1042
2077  1053
2078  1057
2079  1053
2080  1055
2081  1058
2082  1064
2083  1070
2084  1071
2085  1073
2086  1073
2087  1083
2088  1084
2089  1085
2090  1077
2091  1078
2092  1070
2093  1080
2094  1067
2095  1078
2096  1080
2097  1075
2098  1087
2099  1088
2100  1075
2101  1068
2102  1061
2103  1062
2104  1060
2105  1056
2106  1065
2107  1065
2108  1073
2109  1082
2110  1075
2111  1078
2112  1078
2113  1073
2114  1084
2115  1081
2116  1075
2117  1077
2118  1078
2119  1074
2120  1072
2121  1083
2122  1084
2123  1079
2124  1086
2125  1085
2126  1089
2127  1090
2128  1096
2129  1089
2130  1086
2131  1092
2132  1102
2133  1089
2134  1092
2135  1094
2136  1087
2137  1097
2138  1087
2139  1081
2140  1080
2141  1076
2142  1069
2143  1080
2144  1070
2145  1077
2146  1075
2147  1068
2148  1060
2149  1060
2150  1052
2151  1058
2152  1054
2153  1060
2154  1066
2155  1055
2156  1068
2157  1070
2158  1066
2159  1073
2160  1064
2161  1072
2162  1068
2163  1077
2164  1078
2165  1084
2166  1083
2167  1080
2168  1085
2169  1077
2170  1077
2171  1088
2172  1093
2173  1100
2174  1108
2175  1111
2176  1109
2177  1100
2178  1096
2179  1093
2180  1092
2181  1096
2182  1105
2183  1111
2184  1100
2185  1094
2186  1093
2187  1084
2188  1088
2189  1086
2190  1088
2191  1078
2192  1080
2193  1078
2194  1076
2195  1083
2196  1091
2197  1082
2198  1079
2199  1089
2200  1090
2201  1096
2202  1088
2203  1089
2204  1094
2205  1091
2206  1099
2207  1097
2208  1101
2209  1108
2210  1109
2211  1105
2212  1097
2213  1100
2214  1090
2215  1082
2216  1083
2217  1093
2218  1097
2219  1083
2220  1094
2221  1099
2222  1092
2223  1103
2224  1090
2225  1090
2226  1090
2227  1092
2228  1085
2229  1088
2230  1095
2231  1097
2232  1095
2233  1104
2234  1094
2235  1089
2236  1092
2237  1099
2238  1102
2239  1100
2240  1095
2241  1094
2242  1106
2243  1092
2244  1101
2245  1100
2246  1089
2247  1091
2248  1084
2249  1080
2250  1092
2251  1100
2252  1097
2253  1101
2254  1093
2255  1097
2256  1090
2257  1099
2258  1097
2259  1087
2260  1081
2261  1093
2262  1095
2263  1098
2264  1088
2265  1095
2266  1103
2267  1106
2268  1100
2269  1110
2270  1099
2271  1111
2272  1109
2273  1112
2274  1114
2275  1109
2276  1112
2277  1112
2278  1107
2279  1112
2280  1120
2281  1109
2282  1120
2283  1114
2284  1108
2285  1104
2286  1102
2287  1100
2288  1107
2289  1112
2290  1111
2291  1117
2292  1104
2293  1117
2294  1104
2295  1102
2296  1106
2297  1096
2298  1092
2299  1097
2300  1098
2301  1087
2302  1089
2303  1079
2304  1086
2305  1093
2306  1084
2307  1079
2308  1087
2309  1084
2310  1075
2311  1071
2312  1084
2313  1091
2314  1078
2315  1085
2316  1088
2317  1081
2318  1086
2319  1087
2320  1091
2321  1087
2322  1099
2323  1104
2324  1095
2325  1099
2326  1109
2327  1116
2328  1114
2329  1105
2330  1102
2331  1102
2332  1093
2333  1087
2334  1081
2335  1079
2336  1085
2337  1092
2338  1079
2339  1083
2340  1084
2341  1085
2342  1078
2343  1091
2344  1084
2345  1089
2346  1084
2347  1087
2348  1080
2349  1074
2350  1086
2351  1082
2352  1083
2353  1074
2354  1076
2355  1082
2356  1072
2357  1072
2358  1079
2359  1080
2360  1088
2361  1090
2362  1093
2363  1088
2364  1083
2365  1085
2366  1082
2367  1079
2368  1072
2369  1073
2370  1071
2371  1068
2372  1060
2373  1068
2374  1076
2375  1074
2376  1078
2377  1086
2378  1084
2379  1092
2380  1094
2381  1087
2382  1093
2383  1099
2384  1087
2385  1095
2386  1093
2387  1092
2388  1084
2389  1092
2390  1084
2391  1075
2392  1071
2393  1067
2394  1059
2395  1068
2396  1070
2397  1073
2398  1079
2399  1080
2400  1081
2401  1070
2402  1081
2403  1083
2404  1076
2405  1083
2406  1072
2407  1081
2408  1070
2409  1064
2410  1078
2411  1071
2412  1063
2413  1077
2414  1082
2415  1078
2416  1085
2417  1076
2418  1088
2419  1087
2420  1076
2421  1089
2422  1088
2423  1084
2424  1090
2425  1082
2426  1090
2427  1090
2428  1091
2429  1081
2430  1074
2431  1067
2432  1065
2433  1057
2434  1061
2435  1059
2436  1062
2437  1053
2438  1047
2439  1042
2440  1053
2441  1044
2442  1037
2443  1034
2444  1033
2445  1030
2446  1022
2447  1023
2448  1014
2449  1019
2450  1029
2451  1027
2452  1021
2453  1025
2454  1027
2455  1032
2456  1021
2457  1025
2458  1036
2459  1030
2460  1033
2461  1027
2462  1031
2463  1023
2464  1017
2465  1030
2466  1037
2467  1034
2468  1023
2469  1029
2470  1037
2471  1023
2472  1029
2473  1022
2474  1013
2475  1026
2476  1022
2477  1019
2478  1014
2479  1016
2480  1011
2481  1006
2482  1003
2483  999
2484  1004
2485  997
2486  999
2487  1000
2488  1005
2489  999
2490  992
2491  1003
2492  1003
2493  997
2494  1001
2495  998
2496  1000
2497  998
2498  999
2499  996
2500  994
2501  991
2502  983
2503  988
2504  991
2505  990
2506  984
2507  986
2508  987
2509  992
2510  984
2511  978
2512  974
2513  976
2514  982
2515  977
2516  982
2517  973
2518  985
2519  980
2520  985
2521  982
2522  982
2523  977
2524  986
2525  993
2526  999
2527  991
2528  996
2529  995
2530  993
2531  998
2532  1001
2533  1003
2534  1003
2535  1001
2536  1006
2537  1008
2538  1005
2539  998
2540  1010
2541  1015
2542  1002
2543  995
2544  996
2545  1005
2546  1001
2547  995
2548  1002
2549  991
2550  989
2551  988
2552  992
2553  982
2554  981
2555  987
2556  980
2557  982
2558  991
2559  985
2560  979
2561  991
2562  988
2563  995
2564  991
2565  981
2566  983
2567  985
2568  977
2569  980
2570  981
2571  973
2572  980
2573  971
2574  971
2575  963
2576  961
2577  972
2578  963
2579  973
2580  980
2581  972
2582  970
2583  970
2584  976
2585  984
2586  977
2587  980
2588  990
2589  977
2590  984
2591  989
2592  995
2593  999
2594  1007
2595  1004
2596  1011
2597  1018
2598  1013
2599  1009
2600  1012
2601  1016
2602  1008
2603  1014
2604  1017
2605  1023
2606  1025
2607  1030
2608  1038
2609  1029
2610  1024
2611  1034
2612  1042
2613  1029
2614  1035
2615  1034
2616  1027
2617  1025
2618  1027
2619  1024
2620  1015
2621  1011
2622  1008
2623  1001
2624  999
2625  1009
2626  1009
2627  999
2628  1002
2629  1000
2630  994
2631  991
2632  990
2633  998
2634  992
2635  1000
2636  1005
2637  1010
2638  1018
2639  1020
2640  1022
2641  1011
2642  1020
2643  1022
2644  1015
2645  1016
2646  1011
2647  1002
2648  1009
2649  1002
2650  1010
2651  999
2652  993
2653  1005
2654  996
2655  991
2656  987
2657  992
2658  993
2659  998
2660  989
2661  1001
2662  1002
2663  1010
2664  997
2665  998
2666  997
2667  1003
2668  1008
2669  1012
2670  1013
2671  1006
2672  1015
2673  1016
2674  1008
2675  1007
2676  1003
2677  1004
2678  1006
2679  1015
2680  1012
2681  1004
2682  998
2683  1006
2684  996
2685  992
2686  1005
2687  996
2688  999
2689  991
2690  985
2691  985
2692  978
2693  974
2694  970
2695  976
2696  968
2697  976
2698  971
2699  972
2700  977
2701  971
2702  976
2703  967
2704  978
2705  966
2706  976
2707  985
2708  989
2709  990
2710  993
2711  1002
2712  996
2713  993
2714  990
2715  992
2716  1001
2717  1002
2718  1002
2719  995
2720  995
2721  1005
2722  998
2723  1007
2724  1006
2725  1001
2726  1002
2727  1004
2728  1007
2729  1007
2730  997
2731  1007
2732  1016
2733  1016
2734  1019
2735  1025
2736  1021
2737  1027
2738  1025
2739  1030
2740  1020
2741  1032
2742  1026
2743  1016
2744  1010
2745  1011
2746  1014
2747  1006
2748  1007
2749  1001
2750  1009
2751  999
2752  1003
2753  997
2754  990
2755  984
2756  990
2757  988
2758  995
2759  996
2760  1005
2761  994
2762  990
2763  998
2764  993
2765  997
2766  990
2767  995
2768  993
2769  987
2770  981
2771  985
2772  983
2773  981
2774  972
2775  977
2776  983
2777  983
2778  988
2779  992
2780  998
2781  997
2782  997
2783  1001
2784  993
2785  1003
2786  998
2787  990
2788  997
2789  996
2790  987
2791  992
2792  997
2793  1002
2794  1008
2795  1013
2796  1009
2797  1018
2798  1016
2799  1014
2800  1016
2801  1022
2802  1012
2803  1019
2804  1021
2805  1022
2806  1027
2807  1021
2808  1020
2809  1019
2810  1015
2811  1024
2812  1031
2813  1032
2814  1022
2815  1016
2816  1016
2817  1017
2818  1023
2819  1021
2820  1025
2821  1033
2822  1040
2823  1031
2824  1027
2825  1034
2826  1041
2827  1035
2828  1028
2829  1031
2830  1028
2831  1035
2832  1023
2833  1027
2834  1029
2835  1033
2836  1024
2837  1029
2838  1029
2839  1022
2840  1014
2841  1008
2842  1009
2843  1013
2844  1020
2845  1018
2846  1025
2847  1029
2848  1024
2849  1035
2850  1030
2851  1024
2852  1017
2853  1022
2854  1028
2855  1028
2856  1023
2857  1018
2858  1010
2859  1015
2860  1005
2861  1016
2862  1008
2863  1013
2864  1012
2865  1015
2866  1023
2867  1020
2868  1019
2869  1023
2870  1016
2871  1025
2872  1018
2873  1021
2874  1021
2875  1029
2876  1034
2877  1026
2878  1029
2879  1038
2880  1033
2881  1025
2882  1027
2883  1036
2884  1043
2885  1049
2886  1041
2887  1046
2888  1038
2889  1039
2890  1041
2891  1038
2892  1046
2893  1042
2894  1046
2895  1055
2896  1055
2897  1053
2898  1052
2899  1052
2900  1055
2901  1055
2902  1065
2903  1071
2904  1067
2905  1073
2906  1072
2907  1065
2908  1070
2909  1066
2910  1060
2911  1063
2912  1068
2913  1065
2914  1059
2915  1057
2916  1057
2917  1065
2918  1068
2919  1065
2920  1058
2921  1053
2922  1048
2923  1045
2924  1045
2925  1035
2926  1027
2927  1032
2928  1042
2929  1046
2930  1043
2931  1052
2932  1045
2933  1054
2934  1055
2935  1062
2936  1055
2937  1058
2938  1052
2939  1048
2940  1060
2941  1051
2942  1052
2943  1055
2944  1064
2945  1070
2946  1069
2947  1063
2948  1070
2949  1064
2950  1065
2951  1073
2952  1065
2953  1076
2954  1063
2955  1071
2956  1061
2957  1068
2958  1078
2959  1076
2960  1074
2961  1064
2962  1066
2963  1075
2964  1080
2965  1082
2966  1071
2967  1077
2968  1078
2969  1080
2970  1076
2971  1083
2972  1074
2973  1082
2974  1079
2975  1075
2976  1082
2977  1071
2978  1071
2979  1077
2980  1067
2981  1080
2982  1088
2983  1092
2984  1100
2985  1091
2986  1104
2987  1090
2988  1090
2989  1083
2990  1077
2991  1079
2992  1073
2993  1076
2994  1065
2995  1066
2996  1059
2997  1060
2998  1071
2999  1066
3000  1062
3001  1063
3002  1067
3003  1062
3004  1053
3005  1060
3006  1064
3007  1057
3008  1056
3009  1050
3010  1043
3011  1041
3012  1037
3013  1039
3014  1046
3015  1041
3016  1051
3017  1043
3018  1054
3019  1055
3020  1048
3021  1044
3022  1048
3023  1044
3024  1048
3025  1049
3026  1041
3027  1039
3028  1034
3029  1039
3030  1040
3031  1041
3032  1050
3033  1043
3034  1048
3035  1046
3036  1036
3037  1039
3038  1044
3039  1036
3040  1029
3041  1037
3042  1028
3043  1037
3044  1046
3045  1044
3046  1048
3047  1056
3048  1047
3049  1045
3050  1039
3051  1034
3052  1047
3053  1040
3054  1036
3055  1047
3056  1055
3057  1050
3058  1056
3059  1053
3060  1050
3061  1061
3062  1062
3063  1058
3064  1063
3065  1063
3066  1052
3067  1051
3068  1045
3069  1043
3070  1046
3071  1038
3072  1047
3073  1038
3074  1040
3075  1042
3076  1046
3077  1034
3078  1040
3079  1033
3080  1030
3081  1037
3082  1029
3083  1034
3084  1033
3085  1035
3086  1034
3087  1033
3088  1038
3089  1043
3090  1042
3091  1037
3092  1045
3093  1037
3094  1040
3095  1032
3096  1029
3097  1034
3098  1039
3099  1034
3100  1024
3101  1038
3102  1038
3103  1041
3104  1049
3105  1055
3106  1042
3107  1050
3108  1043
3109  1049
3110  1049
3111  1050
3112  1050
3113  1057
3114  1049
3115  1049
3116  1059
3117  1065
3118  1055
3119  1048
3120  1054
3121  1063
3122  1060
3123  1065
3124  1071
3125  1063
3126  1074
3127  1067
3128  1078
3129  1078
3130  1077
3131  1074
3132  1071
3133  1079
3134  1087
3135  1089
3136  1086
3137  1095
3138  1092
3139  1102
3140  1111
3141  1113
3142  1110
3143  1116
3144  1124
3145  1125
3146  1131
3147  1118
3148  1130
3149  1124
3150  1119
3151  1124
3152  1131
3153  1121
3154  1118
3155  1127
3156  1118
3157  1109
3158  1117
3159  1121
3160  1108
3161  1122
3162  1121
3163  1115
3164  1121
3165  1131
3166  1135
3167  1128
3168  1128
3169  1124
3170  1124
3171  1129
3172  1117
3173  1120
3174  1125
3175  1132
3176  1122
3177  1118
3178  1125
3179  1118
3180  1111
3181  1118
3182  1121
3183  1122
3184  1116
3185  1116
3186  1113
3187  1111
3188  1110
3189  1119
3190  1119
3191  1110
3192  1104
3193  1097
3194  1089
3195  1102
3196  1092
3197  1103
3198  1092
3199  1085
3200  1093
3201  1093
3202  1088
3203  1095
3204  1101
3205  1100
3206  1100
3207  1102
3208  1103
3209  1100
3210  1104
3211  1105
3212  1102
3213  1112
3214  1113
3215  1107
3216  1118
3217  1119
3218  1107
3219  1102
3220  1116
3221  1124
3222  1117
3223  1112
3224  1126
3225  1126
3226  1119
3227  1114
3228  1124
3229  1111
3230  1114
3231  1121
3232  1107
3233  1101
3234  1100
3235  1109
3236  1113
3237  1102
3238  1108
3239  1109
3240  1118
3241  1113
3242  1102
3243  1095
3244  1099
3245  1090
3246  1103
3247  1106
3248  1110
3249  1101
3250  1109
3251  1098
3252  1099
3253  1099
3254  1103
3255  1099
3256  1104
3257  1107
3258  1103
3259  1100
3260  1095
3261  1096
3262  1107
3263  1108
3264  1105
3265  1108
3266  1111
3267  1119
3268  1114
3269  1108
3270  1105
3271  1109
3272  1104
3273  1101
3274  1094
3275  1093
3276  1102
3277  1091
3278  1097
3279  1108
3280  1103
3281  1096
3282  1097
3283  1101
3284  1096
3285  1095
3286  1093
3287  1084
3288  1095
3289  1092
3290  1088
3291  1094
3292  1094
3293  1095
3294  1102
3295  1103
3296  1103
3297  1100
3298  1102
3299  1092
3300  1089
3301  1094
